6702, 9246, 4029, 316, 5185, 3558, 9431, 8468, 285, 2872,
4780, 3885, 2539, 9791, 1680, 7187, 8692, 5520, 2745, 6776,
2696, 8567, 1485, 4460, 4550, 5165, 8727, 2598, 1166, 7079,
5633, 9906, 9772, 1029, 2041, 7652, 6195, 9951, 1747, 7727,
7924, 3855, 1797, 1840, 3363, 7623, 1674, 7135, 350, 8143,
4403, 2437, 4514, 4086, 8846, 8078, 6204, 5669, 5145, 8189,
2178, 8206, 2314, 7221, 4391, 4102, 8379, 6013, 1634, 1206,
6026, 7528, 6534, 4209, 2718, 5836, 6621, 5052, 6128, 1099,
7654, 9162, 8197, 3040, 2736, 1261, 6281, 7714, 9453, 6518,
47, 3293, 9701, 2119, 6465, 6027, 4250, 4254, 2346, 1042,
5186, 6679, 6866, 9156, 7086, 1513, 9978, 1279, 6427, 9226,
7460, 3026, 2853, 9439, 5071, 1362, 1148, 4191, 508, 9963,
7799, 6190, 1272, 8757, 9277, 8133, 7148, 2739, 2743, 2975,
3001, 1706, 1687, 6043, 2897, 4915, 7721, 5428, 4801, 2462,
1392, 4792, 1810, 4538, 9491, 6466, 5797, 7863, 2340, 9259,
6980, 2886, 656, 5483, 4253, 8500, 755, 6707, 6117, 1344,
6945, 7493, 9584, 6801, 4414, 2820, 1295, 6987, 8744, 2639,
8157, 6804, 1951, 6824, 4508, 6491, 4305, 4574, 5508, 8082,
7326, 684, 8256, 7480, 5177, 1426, 903, 5261, 2559, 1486,
2899, 3091, 7885, 6394, 503, 5830, 3188, 6907, 3999, 9207,
7463, 2761, 5295, 952, 6478, 6221, 3300, 772, 7100, 6537,
7632, 9301, 14, 6077, 2844, 6763, 8437, 9530, 4902, 1239,
6721, 4846, 4260, 2691, 4059, 5773, 6293, 7578, 2652, 9912,
1647, 9712, 3907, 129, 2296, 6067, 4408, 7542, 3668, 2853,
8691, 2893, 3599, 7592, 994, 4310, 6456, 1677, 8726, 2850,
716, 4363, 9056, 8278, 7209, 8885, 5467, 8228, 5165, 2954,
1036, 2974, 7199, 2857, 1678, 6742, 7472, 6109, 4831, 989,
734, 1437, 9555, 1748, 902, 3130, 2845, 2630, 980, 3915,
8920, 6014, 5449, 3856, 9008, 4779, 9133, 1464, 3833, 9534,
3127, 6275, 9948, 4169, 6444, 9421, 3606, 1505, 7998, 4853,
5010, 5118, 4160, 5082, 589, 8049, 1928, 5865, 6772, 7621,
3241, 2400, 3980, 8872, 8745, 885, 4650, 8622, 9441, 8460,
4714, 4226, 4565, 803, 76, 3240, 9300, 4165, 5840, 8723,
1314, 8898, 7147, 321, 4354, 121, 1467, 850, 5273, 7299,
9380, 580, 8952, 1955, 3584, 4404, 7574, 5030, 2909, 5721,
9771, 8922, 5519, 4802, 163, 9754, 5328, 7930, 7093, 5427,
4535, 7161, 8611, 588, 2282, 2490, 7806, 59, 225, 8096,
8583, 5545, 7526, 2794, 5062, 5353, 8654, 771, 5842, 5477,
6340, 3687, 4662, 8900, 215, 936, 2661, 1117, 8673, 1085,
929, 4596, 316, 9483, 3848, 1248, 9157, 6672, 764, 3121,
553, 7586, 8797, 3966, 7719, 912, 1864, 7882, 5225, 2818,
4156, 4696, 9227, 6800, 9287, 9297, 2544, 7425, 4976, 1668,
9942, 5947, 7932, 6179, 1816, 9362, 4744, 1050, 9678, 29,
2337, 65, 4968, 6620, 7772, 8380, 7966, 1124, 3651, 1812,
8327, 7295, 732, 3262, 9829, 2853, 9091, 8973, 1538, 9307,
836, 5008, 7455, 2188, 6686, 8468, 724, 8670, 6443, 3945,
4916, 6879, 2703, 3834, 2322, 6120, 9191, 7306, 4995, 768,
683, 1732, 1267, 3424, 3323, 255, 5783, 8095, 2642, 7513,
7915, 72, 3139, 3219, 6593, 4154, 9254, 6186, 6219, 4619,
5964, 7130, 4525, 3603, 5521, 181, 3594, 7589, 235, 1751,
526, 3681, 399, 2610, 334, 3451, 7340, 5485, 9511, 3955,
8658, 9790, 3544, 203, 5812, 2118, 1362, 2059, 1729, 9176,
2678, 6849, 6678, 6483, 6180, 1209, 6189, 2441, 1864, 7088,
4503, 5416, 6527, 2, 280, 9339, 7036, 645, 9098, 7808,
4434, 6395, 232, 5888, 2901, 2476, 7767, 9279, 8143, 8756,
457, 6077, 9732, 8612, 5611, 5604, 4851, 5081, 5484, 7373,
2502, 1082, 6486, 9772, 6683, 9578, 8, 8957, 8520, 4891,
4076, 4194, 6557, 8654, 7263, 3692, 9486, 6687, 2343, 9959,
5324, 6201, 7270, 9783, 1852, 3565, 7271, 83, 7646, 5117,
3613, 450, 982, 6917, 5324, 8008, 1552, 5810, 1631, 5477,
1478, 988, 288, 4259, 3450, 5034, 5616, 1799, 661, 7105,
3507, 1903, 4087, 7902, 5142, 3018, 4113, 7304, 3408, 4521,
1976, 9047, 743, 4102, 8969, 7938, 3941, 8268, 718, 9313,
3740, 9986, 1980, 5331, 8914, 5243, 8008, 3293, 4421, 969,
8950, 6338, 2173, 7088, 4080, 9393, 8612, 1553, 720, 1225,
4967, 3842, 4551, 2942, 9212, 2562, 7668, 3643, 2155, 4733,
7692, 3339, 954, 6850, 2359, 7004, 5684, 5918, 6504, 6102,
2970, 8044, 579, 5101, 1721, 8, 3166, 308, 829, 6848,
338, 3158, 6943, 8531, 5316, 1072, 7059, 2048, 6447, 8004,
570, 4581, 139, 4297, 7467, 7572, 4158, 1989, 9564, 3887,
1817, 8990, 2523, 6784, 4917, 5297, 2816, 8587, 8086, 6253,
8391, 3623, 2035, 9050, 9303, 6244, 9254, 5481, 8734, 6439,
3704, 8781, 5080, 2186, 663, 3540, 5499, 5751, 1765, 7433,
9455, 272, 7880, 9453, 7698, 5084, 9059, 2030, 5086, 9389,
3954, 4678, 1265, 3583, 5504, 5497, 690, 776, 8913, 7769,
7140, 2473, 2045, 402, 7768, 4659, 4946, 271, 1460, 157,
2809, 2928, 4542, 230, 3639, 7092, 7992, 9878, 2039, 4663,
5447, 3810, 2774, 5678, 8056, 2952, 7676, 9856, 5178, 3672,
9718, 8377, 7085, 3362, 8817, 9192, 9105, 4120, 855, 9473,
4435, 3987, 1381, 4254, 1531, 1350, 2736, 4376, 3780, 6893,
9718, 7847, 7869, 7311, 3504, 884, 9251, 3788, 3574, 8219,
6602, 4259, 6581, 6895, 2007, 3467, 5408, 708, 3315, 1981,
8686, 8114, 4283, 9213, 8244, 6123, 1520, 2113, 843, 7710,
7805, 3094, 2794, 291, 2411, 2511, 3988, 3849, 2547, 1053,
377, 9343, 4370, 7960, 2339, 7256, 2512, 2558, 2970, 4995,
1718, 3057, 625, 6755, 2158, 1277, 8917, 5509, 5699, 1315,
2141, 4241, 9532, 9832, 1423, 8080, 3587, 6023, 2128, 7140,
9534, 9224, 3157, 7388, 2122, 4548, 1804, 7428, 9567, 5191,
5675, 1393, 1160, 9803, 8903, 3273, 1133, 863, 5596, 2798,
8058, 1360, 2317, 9172, 3110, 878, 668, 5602, 9294, 3426,
3209, 4971, 3750, 6161, 4663, 2766, 3537, 6883, 8167, 1145,
4399, 9035, 6252, 3721, 600, 1144, 8624, 209, 4521, 9961,
1065, 7382, 3061, 3756, 3282, 75, 8854, 399, 216, 2857,
3291, 3681, 5371, 4978, 9957, 2747, 4781, 4150, 6370, 3628,
7190, 5999, 806, 3961, 4387, 3857, 9715, 5405, 3828, 4517,
263, 8599, 1565, 909, 5571, 2441, 419, 5088, 5626, 2693,
4633, 4297, 2117, 9652, 4701, 5452, 4414, 3356, 725, 5852,
4611, 8817, 5843, 7915, 9763, 880, 915, 2881, 6002, 9692,
8149, 497, 6683, 2594, 3382, 6283, 4864, 9815, 5071, 265,
4232, 6164, 9865, 6016, 9691, 2025, 9904, 7903, 9837, 6163,
7178, 4956, 2229, 5158, 1386, 8410, 7771, 9558, 6619, 4492,
5736, 3498, 4278, 1478, 5868, 1190, 824, 606, 6401, 1950,
2634, 9965, 9322, 622, 4565, 2650, 196, 3673, 1276, 767,
7118, 2252, 3886, 108, 5094, 6255, 7256, 5155, 8176, 680,
2714, 491, 4755, 832, 2982, 5709, 1340, 3802, 7393, 147,
4240, 6528, 4559, 3403, 1732, 1934, 7223, 5347, 7745, 2478,
7579, 2768, 4942, 5847, 7564, 4627, 2296, 571, 9115, 1112,
6132, 7693, 1267, 8609, 3427, 2348, 5708, 8480, 3977, 8163,
3755, 2332, 4800, 1652, 2806, 1094, 8129, 319, 6425, 4798,
6686, 9211, 800, 3802, 2395, 2629, 5224, 2240, 607, 1260,
9835, 7242, 2886, 6663, 9546, 3628, 5490, 3523, 8700, 1832,
7727, 6798, 2278, 9022, 662, 4656, 2844, 3048, 9687, 883,
7323, 9060, 8079, 9507, 5923, 9781, 8930, 5622, 3274, 4888,
9680, 1819, 952, 9241, 9987, 9574, 3417, 3758, 6011, 8315,
7034, 1603, 6712, 1652, 4054, 1719, 7331, 5369, 7799, 9999,
6986, 2427, 2713, 9065, 2378, 7039, 6193, 811, 6845, 6555,
4995, 2408, 8022, 375, 5779, 6688, 6256, 2151, 442, 8825,
9022, 4211, 7190, 7793, 457, 6566, 5223, 2232, 9342, 7752,
2092, 2815, 5860, 5932, 1964, 8764, 3162, 2589, 1504, 4673,
8609, 1706, 3748, 7051, 703, 9557, 506, 8096, 3098, 9857,
7734, 5278, 2102, 4954, 5787, 2743, 1842, 4864, 1209, 5925,
4313, 2567, 5918, 6068, 349, 7673, 8968, 7474, 2057, 1116,
2708, 4097, 9713, 6208, 2653, 3862, 8923, 4320, 6195, 4147,
5351, 7335, 2406, 1845, 5438, 2364, 3764, 7279, 5905, 7223,
4758, 9927, 1424, 9681, 9706, 4913, 7450, 1378, 9561, 4698,
6780, 2489, 6405, 9483, 8388, 7907, 3697, 1014, 6333, 8938,
1667, 2350, 8965, 3063, 1628, 7889, 6181, 9814, 8155, 6145,
5199, 8828, 5232, 5515, 5947, 287, 4430, 7294, 5486, 321,
8412, 2090, 7728, 6229, 9650, 6892, 5147, 4233, 2174, 4229,
7495, 321, 4964, 9077, 768, 6843, 5907, 1331, 4049, 971,
4573, 9717, 7546, 8369, 9537, 4259, 3631, 5666, 4170, 5791,
903, 2788, 1794, 578, 3295, 5615, 742, 1214, 4383, 9615,
8547, 4748, 5589, 3961, 5222, 462, 6054, 6795, 4014, 6117,
1575, 9568, 2818, 4658, 9244, 1150, 6742, 6200, 6308, 4425,
8854, 9542, 6879, 4021, 2175, 7954, 725, 4730, 8884, 6140,
76, 5903, 9301, 5263, 1033, 311, 4170, 8954, 2658, 5996,
4689, 6004, 432, 9030, 2368, 7920, 8914, 5765, 9024, 9738,
5313, 1392, 9421, 2564, 577, 7013, 6678, 1256, 6662, 958,
8924, 1839, 2228, 2303, 8622, 3733, 4490, 4080, 8533, 9693,
3902, 6582, 6011, 5128, 6861, 2553, 2371, 8367, 7781, 4194,
749, 397, 6864, 7487, 8462, 9254, 7260, 3341, 6157, 63,
4071, 9735, 7312, 9446, 4313, 7443, 8274, 9793, 3960, 4405,
2272, 7406, 1171, 9588, 298, 9879, 7117, 8528, 4370, 7705,
3903, 8927, 6163, 1201, 233, 7654, 6079, 479, 9432, 6245,
2840, 3865, 3875, 2797, 9820, 6788, 8855, 4381, 1112, 7985,
2477, 2961, 6935, 7862, 2114, 4663, 8687, 4008, 9541, 8338,
7185, 579, 187, 3106, 7673, 5531, 6835, 4831, 8972, 3471,
5660, 920, 2529, 9600, 8388, 1812, 1374, 7813, 7106, 9883,
4665, 3904, 4167, 4380, 3337, 1225, 9930, 2864, 9928, 4589,
3182, 1702, 3131, 4967, 577, 1619, 8839, 5827, 8500, 1598,
952, 104, 4413, 4924, 3829, 7895, 700, 7667, 7871, 8504,
8331, 8924, 1760, 175, 5190, 5916, 2124, 111, 398, 2774,
6247, 443, 49, 1150, 3788, 5844, 7706, 9456, 4337, 6503,
1010, 570, 7389, 8317, 9838, 4826, 9743, 876, 4428, 2147,
2689, 1881, 8893, 2173, 8197, 7627, 6932, 9457, 5177, 4750,
8674, 7138, 7933, 1197, 8619, 9938, 7519, 5850, 6239, 586,
6367, 6606, 6695, 7359, 1327, 3337, 189, 124, 6546, 4791,
4994, 1403, 7039, 8741, 5016, 5396, 7013, 6289, 5295, 6595,
8774, 4145, 4448, 6261, 417, 3007, 8032, 5499, 8125, 6357,
7129, 721, 4045, 1311, 2184, 4131, 5768, 420, 5880, 3554,
4585, 6977, 6894, 1177, 1737, 5157, 5166, 4958, 3577, 1235,
4210, 1247, 7465, 140, 6406, 4982, 2355, 7731, 4483, 984,
2718, 2925, 2125, 7309, 6166, 8548, 6653, 8254, 4297, 7603,
7479, 5303, 1049, 2147, 5926, 1498, 6600, 7337, 8022, 9851,
8281, 6562, 6496, 5593, 8884, 6823, 8723, 2884, 3142, 1799,
5092, 3164, 4065, 353, 3625, 9891, 2016, 5568, 6181, 8892,
5975, 1768, 5952, 2110, 5458, 1609, 3089, 5725, 473, 395,
4490, 6210, 388, 1018, 9196, 140, 3717, 5437, 5306, 8123,
7561, 9759, 9229, 8330, 2540, 5449, 3119, 2750, 1891, 4395,
5643, 4625, 4021, 482, 7577, 1534, 5874, 9918, 5839, 8258,
5867, 1781, 4984, 2213, 4999, 8324, 7383, 627, 9876, 4073,
71, 889, 8169, 5083, 7826, 5648, 4129, 1437, 4548, 8471,
800, 8632, 9592, 5709, 6219, 5308, 5162, 3816, 1944, 5511,
9689, 1783, 5923, 3073, 4472, 2004, 2456, 8085, 91, 4324,
460, 9676, 6271, 5283, 1583, 5500, 3844, 7578, 6979, 5275,
3067, 6090, 4756, 8298, 929, 8127, 3338, 2165, 883, 570,
2043, 4625, 9936, 3410, 1777, 4881, 4987, 1211, 6143, 2694,
127, 9812, 7993, 4643, 8740, 4147, 9048, 6351, 8338, 9272,
2828, 1725, 5953, 6696, 9080, 8626, 9670, 3463, 7404, 9650,
3658, 8238, 2950, 7036, 2888, 693, 8487, 4878, 5314, 1771,
2954, 8871, 2395, 2009, 5035, 8936, 1045, 3693, 9110, 5463,
1441, 6014, 8709, 615, 3751, 7453, 4957, 1997, 9714, 9641,
1725, 8714, 2679, 1059, 9465, 7470, 468, 3991, 2318, 2672,
522, 3689, 4865, 5660, 8083, 9682, 7546, 7984, 7330, 5992,
447, 8393, 3423, 86, 5764, 6817, 5848, 4563, 9242, 8332,
6057, 4236, 963, 7572, 2524, 1708, 6782, 2369, 6527, 3502,
862, 2476, 7973, 8096, 6365, 5237, 8734, 1185, 5212, 745,
6564, 4734, 170, 5507, 7845, 1642, 8570, 2056, 6902, 199,
6259, 99, 5997, 8352, 3677, 4474, 320, 7016, 5454, 5351,
1495, 1401, 17, 2529, 4076, 2461, 1317, 3199, 3385, 2635,
5535, 8664, 6328, 3927, 8403, 9893, 8713, 7610, 3040, 7941,
902, 3742, 7882, 4967, 8093, 1763, 4709, 5463, 6554, 3987,
454, 7153, 9287, 7839, 9339, 5573, 9631, 5934, 9836, 4278,
979, 8492, 8644, 9615, 5274, 2635, 8888, 9252, 8124, 3607,
502, 5662, 1491, 1692, 2901, 6675, 1539, 7545, 3513, 2032,
7165, 7189, 6432, 2434, 4403, 7524, 9331, 7505, 9829, 5930,
9877, 7373, 1947, 8980, 1597, 2925, 6802, 6878, 9261, 380,
5028, 7058, 9044, 9171, 9659, 618, 257, 303, 9365, 6483,
8174, 460, 5637, 3526, 3726, 252, 7451, 3358, 313, 7502,
9599, 5669, 6586, 8723, 8559, 225, 8123, 9939, 1946, 897,
1152, 4768, 1091, 5878, 9743, 2952, 8405, 331, 7848, 5637,
6826, 9094, 7483, 9883, 154, 889, 7492, 1984, 8952, 9228,
7414, 7210, 4689, 9956, 2946, 783, 5530, 8677, 5292, 277,
4735, 8312, 801, 7564, 8599, 5141, 4579, 1551, 8626, 7088,
2818, 7906, 8841, 9926, 2127, 5207, 9784, 9297, 7892, 3063,
3947, 9100, 3303, 3005, 8282, 7222, 8913, 9771, 6645, 2685,
4961, 1337, 652, 4845, 2620, 2350, 2486, 5172, 8819, 2032,
8250, 8647, 6659, 1659, 9934, 6508, 832, 283, 6185, 5976,
1748, 7567, 9186, 1961, 7501, 1029, 4181, 8111, 7821, 4105,
4118, 672, 2749, 2260, 7337, 1067, 2829, 9699, 2234, 4388,
7397, 4087, 2369, 177, 4555, 5116, 8812, 1314, 8903, 4988,
3984, 6171, 92, 6221, 4159, 7539, 7474, 2378, 861, 7718,
2889, 6630, 5421, 3699, 67, 1503, 2789, 4487, 2584, 6011,
2810, 8449, 3814, 5496, 1222, 4043, 6851, 7831, 9578, 968,
1209, 7842, 2957, 8184, 3905, 4903, 6265, 2472, 7619, 1315,
702, 1813, 5189, 6596, 8761, 2052, 5353, 3246, 6515, 1507,
2606, 6701, 5044, 6070, 5796, 7443, 6507, 6624, 1815, 4484,
9673, 5638, 8504, 6775, 1986, 4142, 2245, 9674, 6168, 9531,
6736, 6723, 701, 8310, 9747, 2671, 4753, 446, 8498, 1732,
5558, 4984, 5120, 9350, 8150, 5103, 1300, 936, 5822, 5265,
571, 8933, 6389, 4127, 3814, 4764, 4472, 2565, 497, 6914,
1722, 8402, 5732, 3177, 7975, 3310, 6089, 8656, 8778, 8014,
5031, 4038, 8520, 367, 533, 4853, 9096, 8005, 3127, 1499,
9772, 300, 5129, 882, 5253, 8306, 3561, 7260, 5746, 4214,
5613, 5229, 8239, 6241, 4967, 1800, 6792, 8867, 7937, 4919,
6801, 7832, 4887, 4991, 6408, 3991, 7955, 6707, 6413, 6760,
7517, 9264, 7858, 7993, 440, 9772, 2637, 6444, 9250, 4526,
2994, 5898, 3564, 7127, 9335, 4312, 1095, 9434, 217, 4506,
3002, 589, 7998, 2745, 9324, 672, 8582, 6015, 2110, 4138,
4835, 4439, 7934, 9054, 9963, 596, 9272, 8617, 5623, 548,
1355, 9289, 6233, 9464, 4783, 5808, 8270, 2157, 5897, 946,
8546, 9138, 7086, 9723, 3532, 3961, 810, 5224, 7892, 5544,
7841, 1801, 5640, 2784, 1279, 263, 1809, 3440, 939, 9575,
2907, 4523, 1957, 7815, 7744, 717, 9635, 386, 5273, 5284,
8122, 4932, 461, 2948, 3357, 3919, 6815, 2083, 6405, 3025,
2973, 6095, 464, 2201, 3617, 7977, 714, 340, 4380, 6423,
3007, 3423, 2862, 4559, 4897, 5493, 404, 9764, 478, 2499,
948, 902, 3929, 5375, 5978, 7746, 2331, 5381, 6428, 3363,
9922, 1931, 9670, 2936, 1574, 4460, 6444, 1980, 4962, 3198,
3706, 7853, 1332, 3422, 6734, 9627, 8310, 686, 4500, 4381,
8277, 6679, 2025, 9004, 794, 6127, 828, 7507, 455, 1686,
5329, 8112, 352, 8443, 2142, 8485, 1083, 746, 9249, 1390,
4371, 6341, 8750, 8996, 1408, 4233, 3183, 9466, 2233, 7978,
4407, 7296, 9724, 3966, 7713, 2249, 8246, 1838, 2062, 4934,
687, 2193, 7247, 3487, 4558, 549, 4486, 7020, 608, 9624,
2371, 557, 2138, 3061, 6256, 3008, 6648, 6906, 2958, 276,
9790, 2152, 7666, 7937, 3218, 8468, 6052, 9444, 6920, 8293,
9240, 9835, 917, 5080, 6844, 5001, 5424, 4661, 2926, 7384,
2065, 9521, 9904, 2912, 1299, 1900, 106, 3782, 6482, 7873,
3666, 7142, 3261, 2518, 2760, 7610, 2864, 2902, 4711, 4165,
1488, 5336, 3686, 4197, 9496, 7666, 7196, 4623, 7956, 1977,
4448, 633, 4564, 5549, 1131, 1521, 9384, 5327, 9597, 7227,
8456, 454, 8530, 2822, 759, 7923, 75, 4221, 435, 3595,
6073, 3918, 2916, 620, 4752, 2980, 6229, 4908, 2985, 4185,
1576, 5723, 1689, 6128, 4841, 2954, 8981, 8000, 992, 3781,
5466, 5263, 7471, 6349, 7962, 8766, 1976, 8290, 6279, 2765,
5871, 3634, 8806, 3747, 5764, 3437, 2142, 8521, 9877, 7779,
8233, 2162, 2384, 8083, 1817, 9155, 8539, 4525, 5163, 6,
7692, 7825, 950, 2725, 6034, 4807, 3641, 361, 2710, 5111,
6728, 8001, 9415, 5105, 2798, 7453, 3591, 6216, 2346, 2344,
7994, 579, 8653, 1221, 9163, 9621, 4894, 2330, 5409, 7859,
3299, 6468, 9509, 3795, 2866, 1148, 6456, 5999, 980, 886,
1528, 9748, 8659, 5355, 8670, 2514, 1771, 9261, 5242, 1077,
3131, 5780, 11, 2989, 8492, 565, 7069, 8646, 9693, 4814,
3715, 1739, 7403, 3921, 1447, 5272, 8783, 2983, 3526, 1602,
2637, 1269, 9225, 7854, 2984, 1703, 5063, 4216, 6671, 9143,
441, 7302, 1544, 3986, 5082, 8287, 5948, 8701, 1273, 7287,
9043, 2949, 2007, 2284, 2634, 4357, 5999, 533, 5089, 9279,
5800, 3110, 2467, 216, 1566, 6114, 602, 2942, 458, 6864,
4947, 3298, 1061, 5365, 4608, 5149, 4038, 6115, 6174, 639,
3985, 1789, 4932, 8982, 5719, 5567, 1270, 124, 4426, 487,
3490, 8837, 3476, 589, 7057, 7769, 7720, 120, 6131, 8000,
391, 102, 3263, 9639, 3329, 4785, 1287, 2372, 3100, 656,
2555, 6924, 1801, 3746, 8442, 5288, 1263, 26, 3300, 5086,
1074, 3589, 3351, 4682, 8757, 8974, 552, 6462, 2729, 451,
3217, 7807, 634, 389, 4824, 3736, 7909, 9380, 4106, 3285,
5141, 1481, 2170, 8895, 6393, 8988, 9356, 1641, 1322, 7096,
5643, 8834, 9778, 7305, 9668, 4811, 2524, 6942, 5094, 5605,
1563, 9973, 3513, 7702, 6575, 8134, 388, 1699, 4602, 5149,
9686, 4772, 7159, 579, 4771, 8333, 774, 3299, 8151, 3526,
8823, 260, 484, 2545, 7323, 2848, 9592, 6986, 7902, 6248,
3960, 3864, 3662, 575, 3373, 5724, 7878, 3075, 8155, 5690,
9788, 2075, 9722, 6526, 9478, 2189, 9972, 2579, 3590, 4943,
5683, 3738, 3441, 8807, 4837, 6302, 5538, 257, 6776, 2024,
9676, 5080, 7267, 6430, 1521, 7381, 8470, 7785, 7822, 1093,
2617, 9846, 992, 2162, 2827, 6561, 1050, 9799, 1472, 1668,
4165, 1388, 1149, 6498, 2148, 1524, 5669, 2853, 1574, 1257,
3637, 2725, 2560, 6751, 4434, 7610, 315, 5317, 1468, 5991,
506, 6547, 1601, 9943, 4106, 1479, 8208, 3442, 7390, 3653,
4760, 1219, 8977, 9355, 6158, 4770, 4879, 8953, 5754, 1877,
274, 8389, 1870, 4503, 8934, 8100, 8593, 8838, 6677, 5963,
2997, 1417, 7390, 880, 2643, 9497, 1066, 3218, 7400, 8593,
6176, 815, 4573, 6983, 8151, 499, 6883, 3579, 4084, 2380,
5826, 8340, 513, 8839, 4746, 9694, 258, 8196, 6118, 8732,
4568, 9547, 426, 7659, 3644, 2137, 3629, 6836, 5314, 8869,
5467, 9575, 136, 9748, 3978, 8118, 6925, 3138, 3823, 4701,
8319, 6920, 8495, 6544, 5767, 5759, 6888, 9575, 1878, 2118,
5343, 9287, 3232, 6537, 7431, 4952, 1376, 561, 3153, 2729,
6141, 6483, 3942, 3425, 4216, 9247, 160, 1356, 8881, 1541,
9208, 7588, 3313, 1057, 9679, 5600, 3345, 1829, 5524, 8814,
1673, 4746, 6995, 1944, 8170, 1591, 8024, 2782, 7993, 7465,
703, 8414, 4438, 9463, 7073, 4627, 7746, 7512, 6582, 5174,
7140, 7872, 4499, 1820, 940, 9363, 1766, 3767, 6959, 1446,
6109, 3960, 6678, 5357, 4458, 9377, 2280, 8258, 778, 4157,
5140, 1796, 4064, 7169, 7993, 3849, 8733, 1033, 8676, 1207,
2078, 8659, 6912, 2747, 6345, 47, 9945, 7961, 3736, 3157,
9138, 1703, 2416, 5786, 7608, 3695, 5485, 8384, 9233, 6553,
907, 6903, 6612, 600, 8273, 5940, 7851, 9674, 7425, 7385,
128, 9253, 9309, 1928, 2452, 6046, 4539, 3155, 1039, 8556,
9388, 4122, 6125, 6145, 2314, 8321, 9707, 1765, 4182, 9196,
7538, 1924, 9010, 8444, 4104, 7745, 765, 2699, 4067, 342,
6892, 2565, 4112, 8542, 14, 1493, 4878, 468, 4807, 3000,
7525, 7887, 3231, 7742, 2472, 654, 5014, 9024, 87, 1651,
5812, 7377, 1419, 1054, 6277, 8347, 8681, 8541, 7936, 4393,
7424, 7084, 9631, 4671, 337, 5698, 6961, 8700, 8704, 2484,
9455, 1516, 980, 7361, 8679, 1673, 3900, 7068, 6141, 8094,
7532, 7763, 893, 8184, 3177, 279, 665, 5554, 9537, 1216,
6962, 483, 4968, 3381, 7523, 6146, 6746, 7830, 6870, 4325,
3242, 952, 2895, 3824, 7617, 9670, 5876, 2813, 6690, 6561,
2468, 1396, 2737, 4148, 958, 2958, 7345, 2283, 7642, 447,
5499, 5595, 7723, 9816, 1977, 5957, 5512, 20, 3032, 1961,
5011, 1256, 7056, 8410, 7073, 7923, 7862, 8469, 7669, 3488,
5233, 2895, 1455, 6060, 757, 1330, 5842, 2987, 7907, 268,
3605, 9554, 1709, 7525, 7168, 9139, 3168, 2914, 9701, 8975,
6187, 3323, 9387, 6101, 9506, 6741, 3412, 9497, 1710, 3672,
3648, 1364, 9824, 4370, 9345, 1154, 218, 9468, 1625, 7518,
321, 8479, 6432, 7072, 6203, 356, 2850, 7080, 3003, 9454,
6102, 822, 488, 6211, 8631, 4083, 4159, 5130, 9372, 9576,
8955, 3042, 2888, 4132, 6213, 2363, 5305, 6497, 231, 6282,
4332, 2999, 4433, 469, 6258, 9762, 3207, 7848, 5083, 1453,
6567, 1272, 2023, 1859, 7268, 9751, 9936, 7885, 2427, 6169,
7587, 6651, 9609, 2576, 8533, 9580, 4285, 8919, 2703, 7651,
3581, 5676, 4390, 7533, 4658, 2454, 8856, 3994, 8947, 4744,
248, 6100, 9132, 1061, 1980, 4691, 8458, 5168, 5469, 9822,
9889, 9143, 3481, 389, 3431, 9099, 9253, 7554, 8717, 3816,
8994, 8354, 9694, 9966, 3334, 3861, 3248, 6984, 360, 7161,
6885, 3272, 2262, 266, 7357, 6286, 1889, 1787, 3673, 5028,
1385, 3081, 9734, 5284, 1553, 103, 8935, 6669, 3568, 5916,
2998, 3111, 952, 3423, 3035, 774, 8702, 3618, 9442, 7396,
8098, 8231, 2147, 6174, 3400, 3757, 5007, 905, 9099, 2851,
9942, 965, 5208, 9811, 4923, 138, 5081, 5740, 6474, 2318,
958, 9737, 4406, 3442, 7207, 7463, 8692, 529, 8615, 2077,
4083, 9322, 8775, 7563, 4235, 5361, 2133, 4511, 1042, 4015,
7317, 9128, 4336, 3827, 5549, 9247, 2704, 2357, 9279, 8362,
9238, 938, 8393, 9657, 4074, 92, 378, 2141, 8218, 9968,
2757, 347, 7972, 6609, 5347, 5915, 285, 8855, 2514, 6841,
2659, 2560, 5818, 793, 6574, 7679, 4599, 5232, 845, 9728,
3240, 9271, 7406, 2316, 7941, 8568, 8332, 6444, 9593, 2846,
4230, 7631, 8089, 844, 853, 166, 9641, 1182, 1068, 7634,
9035, 2625, 6396, 5924, 863, 4545, 3992, 8739, 8929, 7853,
2786, 4391, 2843, 9153, 4574, 5052, 4502, 1709, 3336, 4461,
8705, 8406, 4742, 1085, 163, 8774, 4375, 5911, 9340, 9402,
7487, 5077, 1663, 7095, 7315, 8730, 8964, 7133, 499, 3719,
2494, 8496, 1673, 2183, 3389, 4414, 7409, 1552, 3460, 2373,
8224, 9308, 8977, 4790, 1551, 5446, 2639, 1321, 6600, 1154,
7199, 48, 7177, 1623, 2010, 9565, 5411, 228, 365, 1249,
475, 7471, 3290, 843, 4716, 6617, 5386, 2281, 7940, 1285,
5854, 9645, 6558, 3018, 7206, 6585, 1681, 6829, 4147, 5885,
1870, 38, 9451, 5193, 9518, 800, 8654, 4735, 2906, 3570,
5215, 3503, 4054, 4578, 6360, 3832, 8275, 7365, 257, 5002,
9635, 801, 1744, 9496, 7365, 9228, 8280, 3426, 3712, 4799,
7441, 8327, 7771, 6137, 1038, 6692, 8454, 2520, 3208, 7606,
8489, 755, 5952, 6077, 8000, 9869, 8357, 3995, 8473, 6443,
8142, 954, 9792, 5475, 5595, 5600, 8552, 6270, 9276, 57,
8794, 5689, 39, 4226, 3352, 3037, 9299, 5306, 6625, 9663,
2864, 9401, 118, 1898, 7946, 4530, 7688, 7313, 3510, 8213,
6380, 7240, 342, 3107, 5250, 271, 8835, 3414, 7742, 3368,
8981, 1766, 2673, 5316, 2932, 9280, 564, 3624, 2530, 958,
3525, 2160, 6429, 8237, 3450, 8020, 2827, 4475, 3283, 9203,
6623, 7140, 2111, 613, 2112, 3784, 9744, 5137, 8907, 5884,
1208, 2070, 8819, 6609, 7438, 1737, 2934, 2716, 3133, 8830,
8877, 6152, 8531, 7006, 6247, 607, 2524, 4363, 9142, 6797,
5250, 5585, 5581, 3995, 2196, 248, 2682, 9936, 1220, 4430,
6121, 7197, 2395, 7514, 3369, 7766, 6839, 1732, 7557, 3303,
7270, 6004, 355, 2526, 1020, 2268, 4006, 7909, 6042, 7961,
9173, 6712, 8773, 2022, 5132, 2007, 3980, 4164, 7719, 6993,
8463, 2994, 5525, 4602, 4065, 1655, 8516, 8513, 3580, 298,
8432, 3463, 963, 3151, 8585, 3070, 9277, 2259, 1421, 2191,
5343, 8442, 9829, 5473, 8145, 9536, 1695, 3126, 8609, 5102,
4692, 766, 6852, 5232, 7971, 8578, 7033, 5744, 2837, 2130,
8084, 3469, 5191, 6302, 2002, 2450, 7928, 8306, 3855, 3477,
1104, 6793, 3247, 184, 5058, 1472, 4442, 6549, 8560, 9711,
8718, 3494, 3190, 5932, 6684, 3443, 6235, 5249, 8606, 1168,
5922, 5681, 5169, 8225, 1225, 9494, 6747, 2839, 3672, 4319,
8800, 5369, 3172, 5394, 6030, 8643, 3526, 3546, 2592, 1678,
5322, 5939, 3913, 4603, 2355, 6949, 6057, 9217, 1033, 147,
3253, 6943, 7078, 1554, 167, 3088, 298, 5117, 108, 9290,
6932, 2609, 7930, 1391, 7157, 5239, 7653, 3105, 6766, 5751,
1967, 6689, 4648, 1745, 3303, 8939, 8088, 657, 2816, 4110,
6305, 4684, 6231, 8983, 8893, 2371, 9603, 1541, 7013, 3853,
7955, 4957, 7608, 2334, 4352, 5719, 4464, 3371, 2776, 3254,
2672, 459, 8136, 7658, 497, 8116, 5537, 9586, 7025, 5769,
1546, 2309, 4272, 2915, 2742, 741, 7769, 8289, 1513, 2079,
7889, 4422, 5357, 7322, 5957, 4817, 8268, 4707, 922, 1261,
74, 1053, 4951, 7359, 2766, 6927, 8831, 3475, 3676, 1347,
1632, 2832, 9864, 2327, 9071, 2653, 998, 3350, 1354, 2572,
8241, 3002, 273, 58, 7350, 1833, 9870, 3989, 3784, 5611,
5520, 4179, 1550, 1052, 3383, 1860, 1588, 785, 4619, 4424,
3604, 6606, 3842, 9677, 4414, 5958, 7667, 140, 1378, 7371,
1931, 6801, 4337, 218, 7622, 6110, 6718, 2, 6213, 4761,
5874, 7700, 6687, 6432, 7466, 8109, 7568, 5192, 5703, 2647,
7666, 6003, 7022, 5690, 3906, 5911, 8285, 4929, 3481, 1668,
2039, 71, 9068, 9305, 2612, 2956, 3170, 3434, 7496, 4143,
4078, 3161, 5368, 8380, 9826, 5819, 5087, 3078, 4725, 905,
5681, 387, 5531, 3109, 847, 2238, 166, 9690, 3300, 4002,
9648, 5797, 5437, 8851, 6493, 9262, 2801, 6014, 2204, 4575,
7394, 60, 8028, 5367, 8744, 6523, 2059, 4192, 1837, 2619,
7990, 9164, 3097, 5214, 7829, 5753, 37, 3927, 2050, 4051,
8075, 8531, 6810, 3164, 1599, 902, 2531, 4137, 770, 1094,
85, 5206, 570, 4541, 2493, 4343, 5359, 856, 60, 8039,
8970, 8575, 7491, 4407, 4783, 7786, 597, 5519, 8273, 4960,
9680, 4342, 1974, 3245, 4882, 1028, 4821, 5501, 1621, 6631,
8076, 8203, 8455, 1373, 3195, 4253, 8494, 9109, 508, 2106,
2018, 5951, 4486, 2385, 7450, 8694, 7580, 6752, 748, 45,
1359, 5070, 5777, 9248, 192, 7543, 293, 8794, 3055, 5029,
5952, 1569, 6667, 1110, 9290, 3138, 1622, 2405, 992, 2738,
1076, 9094, 1095, 3786, 3182, 7608, 9019, 2069, 469, 8516,
6191, 5585, 6848, 9979, 5203, 3544, 2864, 7765, 8475, 4405,
7787, 2128, 7964, 2053, 324, 89, 587, 8844, 478, 6064,
8374, 5748, 1222, 4599, 9650, 5901, 4983, 9579, 2308, 1449,
4451, 3225, 3682, 4838, 3261, 75, 1922, 7587, 5856, 4241,
4030, 4245, 1651, 6655, 9142, 7737, 776, 2591, 1786, 7752,
7527, 2148, 3653, 1106, 86, 8927, 9186, 5728, 9465, 7079,
6625, 3937, 5867, 5464, 9315, 8427, 6689, 7555, 9137, 8042,
2251, 2595, 4650, 9656, 2931, 9129, 5413, 6614, 5384, 6435,
3559, 363, 3326, 3203, 1638, 5999, 5705, 1417, 5698, 3859,
9257, 3342, 4018, 5151, 2137, 8790, 4261, 2727, 2489, 3923,
3013, 7424, 301, 7844, 9261, 421, 7340, 4050, 5442, 5030,
474, 2262, 942, 7344, 3875, 8361, 4396, 6486, 5734, 1513,
1091, 5794, 7579, 6215, 8246, 3090, 1665, 7012, 6562, 6875,
1436, 2809, 8450, 1890, 7774, 7849, 9033, 3163, 4992, 1969,
1806, 4266, 1616, 5663, 7654, 9513, 2795, 1630, 3948, 3572,
8902, 5944, 7257, 3039, 6587, 7488, 2378, 8478, 186, 3471,
4649, 2243, 9007, 6488, 9946, 8757, 3849, 5581, 1255, 5764,
4824, 9467, 4175, 8995, 944, 303, 4661, 4611, 7455, 7770,
4957, 3404, 255, 2125, 6228, 2922, 4921, 66, 1329, 2083,
9583, 4215, 5624, 2540, 179, 8825, 6286, 3065, 6466, 1826,
7131, 2067, 4534, 6406, 3684, 7494, 2359, 7961, 9257, 2387,
8687, 983, 8500, 6502, 2452, 2316, 8276, 6823, 3972, 6129,
8711, 8635, 9481, 700, 2492, 162, 642, 6429, 2085, 7044,
7010, 6556, 8933, 7880, 5795, 1362, 3604, 8402, 4958, 3811,
254, 2493, 1869, 2020, 4214, 6350, 7315, 7532, 7663, 4935,
3220, 5449, 9973, 1739, 8903, 5309, 6921, 580, 8680, 4374,
6190, 1748, 8068, 8198, 3874, 8973, 1341, 9462, 9826, 6020,
8042, 4563, 92, 6212, 4184, 5302, 2025, 6049, 3317, 1934,
7056, 3707, 6880, 6583, 9986, 744, 6554, 7293, 40, 7695,
7755, 4820, 1502, 4963, 1492, 3427, 1698, 8763, 6472, 6914,
7265, 1992, 4530, 1787, 4193, 8328, 902, 6301, 1550, 8924,
3423, 2430, 2511, 575, 7033, 5977, 9669, 9550, 4557, 8916,
2370, 5850, 5625, 9726, 8869, 4475, 2345, 4421, 8898, 4230,
560, 5679, 1514, 7509, 4718, 7011, 7643, 2591, 8009, 1050,
2886, 7390, 3335, 6992, 9051, 5239, 689, 6665, 8987, 8342,
712, 6869, 1020, 5952, 7229, 7881, 5054, 8129, 3190, 7113,
7269, 833, 1600, 4976, 1159, 9783, 2262, 8961, 479, 5946,
2045, 130, 9235, 9717, 2308, 4291, 1789, 7329, 7607, 6675,
1725, 8258, 4783, 3809, 4866, 9689, 7286, 3542, 3089, 9378,
8121, 6605, 1301, 8760, 2691, 8273, 8622, 9530, 9070, 2929,
6796, 6559, 3159, 1262, 8310, 832, 8862, 778, 555, 5503,
8325, 7377, 2264, 4041, 6979, 2723, 9770, 5466, 923, 8446,
5714, 9183, 4706, 6721, 7981, 7382, 4655, 3077, 5561, 9126,
4756, 9109, 1869, 1627, 9220, 6746, 8134, 5963, 9871, 9940,
4550, 8875, 1091, 9168, 9268, 947, 4645, 5270, 1288, 3031,
8678, 922, 1296, 7336, 1344, 9285, 3399, 5397, 5707, 2200,
5345, 398, 5542, 733, 9961, 8514, 42, 6341, 8041, 861,
2566, 7527, 893, 2929, 8145, 4878, 8884, 8591, 6276, 6244,
634, 3400, 1027, 5214, 6950, 8338, 1691, 2322, 7114, 3012,
3541, 3739, 811, 3159, 7037, 199, 6862, 6429, 6152, 9534,
7389, 1038, 9699, 6215, 5780, 375, 5972, 2277, 542, 2746,
6741, 9664, 6008, 3023, 5663, 5974, 3720, 858, 4222, 4984,
6613, 2471, 2501, 7690, 1730, 6241, 3941, 2473, 8004, 4583,
9845, 7997, 3696, 4824, 8222, 6499, 6342, 4944, 6478, 1637,
5275, 2774, 4708, 7326, 1915, 8205, 5551, 9271, 2272, 5402,
115, 1367, 810, 5517, 4926, 3960, 1534, 1924, 3724, 5556,
1243, 9041, 2205, 3391, 7868, 3650, 6772, 6944, 5641, 7889,
1883, 981, 9061, 5681, 4019, 2904, 8922, 4527, 8882, 7913,
8770, 9852, 5698, 7571, 3348, 6079, 7310, 9923, 2636, 8705,
4274, 3376, 2219, 7351, 7012, 8437, 3034, 1187, 5072, 6949,
4582, 7543, 6219, 8672, 625, 8929, 7465, 3909, 9459, 9512,
5387, 7623, 4207, 2712, 2206, 2055, 839, 9504, 4598, 7019,
4218, 176, 8440, 1867, 4925, 5120, 396, 8210, 7944, 7946,
5212, 2745, 7938, 6042, 1770, 1164, 1030, 8707, 8675, 8470,
2576, 6994, 1181, 389, 3571, 6311, 7021, 2435, 2950, 9232,
4595, 8453, 7869, 5791, 3508, 1893, 1757, 3476, 2, 6467,
3124, 1738, 2575, 1913, 9365, 8299, 3914, 8035, 1234, 6421,
104, 9609, 9363, 6400, 4071, 6300, 2666, 7083, 5464, 5446,
687, 5547, 5633, 5895, 6949, 7342, 2034, 7462, 7612, 9776,
6520, 3895, 5174, 8867, 7699, 4838, 9281, 5342, 1404, 3037,
3727, 5166, 7254, 5882, 4834, 1261, 2689, 8378, 4186, 9893,
6965, 9901, 1861, 6806, 5492, 765, 5025, 8028, 8203, 6489,
5351, 8614, 8329, 9198, 78, 6545, 680, 2665, 1803, 5750,
3098, 647, 3094, 2428, 6466, 973, 662, 9889, 7406, 2294,
5695, 7619, 3637, 9675, 5150, 8994, 52, 2675, 8384, 7498,
7769, 8166, 3976, 7747, 5, 7202, 1120, 2024, 5306, 6130,
4149, 7525, 7184, 8965, 6889, 785, 695, 4041, 3690, 9763,
3177, 4050, 6899, 7628, 2327, 9213, 5370, 7988, 4004, 3101,
8194, 7718, 2766, 4280, 8571, 3878, 5354, 9439, 8401, 9255,
707, 8681, 3578, 1618, 7036, 5557, 6126, 8140, 4314, 1632,
3754, 9350, 5097, 4023, 9893, 6782, 7261, 699, 4920, 9102,
9285, 9173, 5949, 2021, 330, 688, 1377, 7206, 5451, 3932,
3792, 1745, 8493, 3631, 6930, 5560, 2801, 7102, 103, 7784,
4499, 2638, 9640, 7790, 1681, 5556, 8095, 621, 7879, 819,
3547, 5274, 7084, 4961, 2267, 975, 7781, 3014, 7271, 6704,
7388, 6585, 5352, 6930, 9250, 5792, 1197, 2469, 5218, 9783,
2726, 3844, 4082, 2620, 3597, 1817, 9428, 9187, 5886, 2587,
9558, 9364, 9925, 7525, 7358, 2598, 5470, 871, 2276, 6628,
7968, 8946, 5789, 2648, 9506, 5710, 7290, 9081, 8073, 567,
7189, 7886, 416, 2661, 4036, 7882, 6666, 1608, 4676, 8691,
5291, 3836, 8946, 8163, 3188, 180, 1498, 54, 7145, 4036,
7562, 7956, 1998, 4681, 8997, 4457, 9741, 3478, 614, 7168,
5235, 6249, 2184, 6585, 9638, 7010, 439, 2589, 5614, 8401,
8018, 6764, 3742, 6825, 4908, 9816, 7584, 8464, 4270, 241,
6769, 2373, 1965, 8080, 5640, 5342, 4506, 6643, 3576, 5891,
6003, 1445, 2699, 2121, 4292, 5413, 8321, 307, 4722, 432,
7380, 4620, 7690, 6155, 736, 1694, 4538, 8486, 625, 3369,
7000, 4182, 7740, 9584, 4715, 1926, 3916, 4737, 1750, 920,
7579, 6189, 2932, 6003, 8032, 9327, 6991, 995, 8311, 3540,
6388, 7870, 4004, 9331, 4848, 1867, 5559, 8533, 4691, 3163,
4577, 8876, 5975, 4600, 3984, 8747, 1722, 9509, 7958, 3330,
9563, 9816, 2074, 5082, 7800, 2088, 2115, 4504, 2846, 6924,
9448, 1287, 6973, 4063, 6083, 7689, 7822, 3009, 6629, 4487,
921, 6119, 1924, 9901, 3987, 3064, 2413, 9042, 4431, 4036,
4508, 3911, 7252, 6195, 8491, 1171, 8072, 3635, 4514, 7656,
2216, 5866, 127, 8876, 83, 7617, 1669, 1836, 7262, 1655,
3188, 4848, 7478, 1229, 4747, 3515, 3447, 4846, 4173, 6412,
7645, 581, 6465, 389, 5584, 4998, 1948, 7472, 382, 8367,
8529, 1602, 5801, 3817, 6368, 6006, 1297, 4082, 1469, 2596,
7756, 4333, 2886, 3768, 4472, 8438, 9845, 329, 8364, 2333,
1866, 3352, 2290, 2664, 2467, 7545, 2993, 2228, 6182, 7426,
631, 4288, 5151, 8062, 7476, 6928, 3224, 7060, 2941, 4965,
648, 3272, 9240, 3974, 2258, 7206, 5478, 3972, 5254, 8600,
4350, 5328, 3774, 779, 2066, 1528, 5790, 6165, 8594, 1116,
3305, 3121, 1392, 2330, 6529, 7662, 335, 9568, 7366, 8016,
1810, 2198, 379, 4350, 2143, 4765, 9410, 3653, 93, 6452,
4862, 6704, 3941, 6146, 8456, 8759, 8534, 9929, 1034, 5344,
9268, 1952, 9357, 230, 8289, 2370, 225, 8265, 9564, 1799,
1385, 7733, 6096, 183, 6489, 1952, 2748, 5372, 9795, 4534,
3754, 8369, 2284, 6952, 6827, 2865, 8112, 8809, 7947, 2647,
726, 3990, 1896, 9670, 2042, 3089, 6111, 488, 6553, 4827,
6170, 4348, 4319, 3600, 1856, 308, 7608, 2503, 4460, 1179,
1336, 4181, 8064, 8777, 5847, 4278, 6208, 9163, 9853, 9813,
507, 1278, 7330, 4577, 5829, 3929, 9950, 2363, 7472, 2237,
6942, 9366, 9347, 892, 8099, 4653, 859, 5181, 1901, 8150,
9627, 305, 392, 9760, 5977, 339, 6866, 2258, 8382, 8969,
2780, 8533, 8278, 4165, 9117, 5411, 1796, 2214, 8229, 6679,
6753, 5657, 6526, 571, 486, 2221, 7139, 1981, 5478, 3181,
1814, 3458, 3714, 7659, 1603, 299, 5273, 3801, 5674, 5811,
8898, 4633, 9371, 2807, 3923, 652, 3772, 6109, 1916, 5647,
246, 5198, 1744, 7054, 7452, 6603, 5273, 9915, 28, 6066,
911, 2082, 1551, 5618, 2287, 3157, 7416, 7896, 232, 2192,
2266, 2507, 2124, 1968, 7157, 696, 7860, 4461, 3994, 9619,
6544, 9177, 8447, 9080, 9499, 3796, 8485, 5513, 6487, 4428,
9328, 7451, 155, 5351, 9972, 6717, 495, 1901, 9583, 4976,
1468, 6942, 1629, 4630, 723, 8881, 3897, 9850, 4348, 6970,
4275, 3430, 765, 8713, 4547, 8172, 5747, 4656, 3902, 7198,
114, 4104, 8571, 4008, 1852, 3102, 14, 6435, 3452, 1873,
7912, 2366, 3935, 6611, 2495, 1636, 717, 4667, 9529, 4759,
3565, 4512, 2211, 6605, 9281, 2025, 4100, 7239, 3590, 2427,
1207, 424, 6417, 379, 7613, 8400, 1798, 8092, 7961, 2588,
8727, 2906, 5886, 6087, 972, 8094, 3700, 9822, 3322, 7151,
4145, 4394, 1540, 8578, 6052, 8895, 9565, 2437, 3957, 9635,
2411, 897, 2758, 4521, 3757, 9879, 8511, 8556, 4596, 4064,
8290, 7858, 5662, 4194, 3170, 6759, 7476, 5672, 413, 7891,
8207, 495, 4571, 3308, 357, 3954, 5369, 9551, 2003, 2425,
5081, 4819, 39, 8040, 191, 9727, 3890, 6962, 6728, 44,
6103, 80, 9777, 5201, 6884, 4407, 1936, 5962, 9688, 6586,
8320, 158, 1614, 7044, 8806, 5640, 5107, 9304, 1329, 6672,
2950, 2258, 7945, 9416, 4507, 4857, 7172, 184, 655, 2648,
8654, 647, 3566, 3909, 9377, 50, 5721, 2199, 1765, 9166,
1830, 7879, 278, 6603, 9791, 1719, 4880, 2041, 621, 8464,
7655, 9854, 4320, 3440, 1057, 2519, 2992, 4374, 1611, 9,
6942, 2994, 5800, 9927, 7504, 7361, 4262, 4141, 1, 8119,
1487, 4154, 7413, 2275, 1804, 3489, 4641, 5849, 9289, 5509,
2733, 9039, 2926, 905, 1535, 328, 3199, 175, 1084, 8068,
2832, 1409, 4555, 2574, 613, 1033, 9880, 5098, 8679, 9957,
3988, 877, 6506, 1364, 7877, 8116, 5089, 9149, 6363, 1334,
564, 5632, 692, 8334, 6296, 1421, 5689, 2395, 8184, 2908,
1784, 9939, 926, 5704, 2584, 6530, 4271, 3122, 7962, 5327,
3937, 6230, 6770, 1663, 6399, 7149, 1137, 9406, 1608, 2161,
5505, 4317, 7984, 4174, 1531, 7696, 1067, 8429, 5035, 3645,
1492, 415, 6435, 9565, 3077, 2451, 5853, 7079, 753, 3791,
2418, 4051, 1656, 6197, 7492, 1762, 5297, 2932, 6137, 2990,
2164, 83, 4086, 3454, 7529, 8580, 4520, 8181, 8294, 2434,
9915, 5665, 2876, 5409, 1319, 6566, 8282, 4329, 6693, 5233,
3420, 8836, 2641, 7727, 9208, 8683, 2054, 6482, 4447, 9676,
2468, 2620, 7411, 8081, 3477, 9731, 612, 1940, 6272, 5984,
5944, 5612, 8332, 7645, 1289, 3215, 919, 263, 3321, 3279,
6193, 184, 9381, 3920, 8435, 74, 5867, 9543, 6921, 5519,
3592, 1788, 2745, 807, 1139, 8562, 894, 4482, 881, 2079,
1442, 1684, 9000, 1315, 9506, 176, 774, 1947, 1404, 6970,
4980, 736, 9365, 6300, 3126, 2536, 7899, 7760, 9188, 6530,
1304, 1937, 4763, 4425, 8843, 4171, 5577, 5499, 756, 938,
7471, 2340, 1071, 8711, 7401, 2781, 4269, 8010, 4381, 5611,
1239, 750, 2809, 9319, 3562, 8782, 2068, 3287, 2137, 771,
6650, 5707, 663, 7478, 5713, 1921, 6285, 4094, 7666, 3328,
3206, 3199, 7002, 5847, 6627, 5490, 5675, 6281, 8653, 8651,
6032, 558, 6967, 782, 7510, 6612, 9338, 2787, 8989, 6393,
5571, 8505, 7855, 5069, 6646, 8624, 7189, 8407, 9252, 7616,
1301, 8657, 3534, 6768, 2592, 6611, 7279, 8408, 3114, 9715,
458, 7219, 6892, 6156, 9684, 4459, 3479, 7523, 5061, 4932,
2140, 1853, 5435, 548, 6925, 5277, 4489, 2455, 2082, 2963,
248, 1217, 1236, 3150, 7246, 373, 6403, 3100, 6324, 1774,
6035, 5796, 2617, 1961, 1933, 4864, 1861, 9318, 1101, 7142,
7010, 4553, 1851, 8618, 9436, 2285, 2452, 2326, 9051, 1702,
4888, 5963, 3644, 2973, 4414, 9351, 3662, 8257, 4347, 1689,
2753, 3185, 971, 5573, 2915, 5873, 3311, 5839, 4589, 314,
6349, 4578, 7677, 3238, 2917, 3672, 9945, 4509, 7067, 1302,
232, 1674, 3537, 3702, 492, 2973, 400, 4299, 3698, 5537,
3097, 4750, 980, 6280, 6053, 2281, 5965, 7369, 4771, 1907,
6849, 4712, 9220, 5869, 6102, 9265, 8702, 6817, 7753, 5082,
7511, 109, 4336, 4182, 3598, 786, 8443, 7733, 5664, 6004,
8387, 6694, 3833, 5378, 9042, 5798, 6761, 5329, 3085, 4572,
2295, 6548, 1377, 5772, 8439, 1209, 9981, 7110, 759, 2111,
2353, 6743, 2468, 5077, 1908, 2716, 8720, 2680, 5052, 1697,
2513, 6578, 8564, 6052, 7285, 8324, 6496, 1802, 3000, 4439,
4740, 9592, 8666, 9492, 3407, 1169, 3076, 1022, 6101, 4477,
9107, 5439, 8046, 788, 3845, 2144, 5564, 5537, 7037, 7679,
1294, 3478, 5944, 1750, 5632, 5048, 2715, 6581, 9071, 7938,
5781, 8018, 7875, 2966, 9995, 3027, 2009, 1693, 2505, 8122,
4704, 2065, 5033, 4928, 6272, 5885, 5602, 7451, 9817, 383,
881, 3442, 8207, 9482, 2825, 9064, 7329, 6832, 9220, 3565,
2221, 8472, 7964, 3083, 1688, 6303, 9674, 4578, 10, 4512,
9169, 9036, 7825, 7184, 78, 689, 6314, 4063, 9019, 3247,
6659, 308, 7631, 6110, 9072, 4113, 2336, 9823, 3286, 4483,
8675, 5717, 2380, 3897, 134, 3062, 7641, 8660, 2681, 309,
9056, 5510, 6711, 7073, 5791, 6838, 7597, 9273, 9759, 987,
7559, 4807, 4070, 9346, 7670, 4316, 8941, 4529, 8703, 1094,
9725, 6352, 7064, 8105, 1239, 163, 2808, 2196, 8735, 8346,
82, 7717, 7698, 4878, 7035, 6383, 6152, 420, 8078, 3116,
6973, 9499, 9640, 3794, 8310, 8963, 5149, 508, 2608, 6969,
7658, 6243, 8889, 148, 6656, 5612, 5008, 7582, 2709, 2245,
8420, 1440, 5434, 258, 8067, 1435, 1959, 7232, 7357, 5922,
9780, 1285, 6099, 3375, 2256, 1877, 2822, 8273, 3917, 2991,
3758, 5137, 3626, 7903, 4681, 2747, 5197, 5454, 5619, 5545,
636, 1154, 7925, 9976, 7554, 3422, 172, 6199, 4339, 2127,
4642, 7955, 2357, 8866, 7805, 2333, 3963, 9966, 4898, 5989,
2604, 1806, 5010, 484, 4039, 5239, 8533, 5994, 3828, 5880,
855, 103, 3422, 4391, 9952, 8414, 7543, 3709, 2940, 9547,
5246, 8394, 6271, 4421, 3881, 8000, 5072, 839, 2133, 5797,
283, 3686, 1993, 2489, 424, 4680, 8106, 6147, 424, 8676,
966, 3304, 8608, 7543, 7477, 8128, 4380, 4442, 3612, 7076,
853, 1315, 7813, 543, 5155, 947, 8614, 2357, 1514, 8864,
1639, 9830, 9906, 1672, 87, 6658, 4503, 5611, 6723, 7668,
7317, 7317, 6940, 4944, 4553, 8071, 8013, 947, 4290, 4074,
8800, 4958, 2693, 3901, 1919, 9818, 4798, 763, 3601, 974,
8869, 3492, 164, 2611, 9460, 1449, 8019, 7348, 237, 3969,
3295, 7807, 5775, 745, 3596, 3822, 9514, 4798, 2515, 8840,
2325, 5401, 9736, 2312, 6092, 1149, 609, 4770, 4347, 6049,
5003, 7999, 5305, 6188, 2961, 9046, 730, 2155, 8977, 6847,
4509, 7667, 9872, 5268, 8614, 7516, 4330, 6808, 1372, 7817,
4478, 8295, 4665, 2930, 8887, 8754, 4130, 2039, 6159, 2254,
7215, 7116, 5396, 6854, 9046, 2784, 9344, 6188, 2207, 5837,
2896, 4946, 7624, 3001, 8471, 2799, 2829, 4099, 5547, 4776,
6144, 7442, 2169, 8473, 6504, 6040, 3555, 9556, 1735, 9230,
9886, 2025, 395, 9879, 6856, 9051, 4000, 8061, 7602, 3126,
9845, 1362, 3707, 6455, 134, 7242, 3054, 6800, 4966, 412,
773, 7381, 1429, 793, 5391, 9033, 7584, 703, 2771, 3810,
6818, 8454, 9564, 1545, 7403, 5976, 7188, 8914, 6082, 5960,
9934, 1701, 3642, 780, 5981, 5787, 4558, 4716, 3295, 4726,
8797, 7047, 673, 7931, 5073, 8439, 3900, 6796, 5001, 8325,
4177, 4681, 2304, 2569, 9219, 1605, 6222, 5803, 2757, 9069,
5940, 792, 4405, 6936, 34, 7358, 524, 1366, 6894, 1522,
6908, 3575, 6127, 5137, 7731, 6445, 647, 5137, 3673, 3205,
5484, 8169, 7214, 2016, 4865, 4157, 314, 8074, 2224, 1552,
5262, 6045, 3634, 6400, 4014, 2120, 5317, 7150, 6012, 9286,
8521, 4585, 1172, 6515, 3013, 3468, 793, 2182, 2858, 9668,
2844, 5546, 8194, 3522, 4601, 8647, 3841, 2709, 420, 8492,
2372, 5001, 1328, 8262, 7605, 6176, 3611, 4897, 3607, 4742,
4035, 9079, 8744, 1843, 7106, 8006, 7067, 8876, 3185, 8394,
2292, 6239, 867, 969, 3493, 3856, 1058, 2249, 6789, 1445,
6932, 6731, 6957, 5039, 8232, 8198, 5432, 797, 6992, 1174,
366, 2388, 7234, 8477, 4122, 711, 5942, 7439, 1118, 3073,
5924, 7180, 9785, 8984, 2576, 879, 1612, 226, 3980, 7888,
8375, 1751, 5653, 6392, 3976, 3379, 1008, 9155, 6592, 6739,
7408, 5725, 3044, 5686, 5806, 6291, 3722, 5493, 945, 1232,
5624, 2066, 8025, 1391, 7262, 2687, 4054, 8641, 9899, 2495,
480, 2640, 3653, 6140, 7847, 7353, 8348, 6439, 7463, 3416,
6479, 7088, 6967, 2808, 5894, 1629, 349, 1528, 9543, 9052,
4649, 761, 9752, 268, 2860, 3996, 8969, 5298, 4017, 6492,
9449, 9126, 1290, 7262, 7126, 132, 9594, 2738, 2673, 5424,
4041, 7897, 9529, 3106, 580, 4582, 9473, 283, 8136, 2746,
9448, 4404, 6391, 8200, 8147, 8946, 4424, 2882, 1348, 2648,
5392, 5000, 3956, 2707, 5826, 9650, 4394, 8950, 5994, 2402,
5260, 8686, 1294, 8086, 1178, 8835, 5935, 1688, 2829, 9774,
882, 9956, 1780, 8281, 3955, 5600, 8376, 6842, 4090, 1544,
9359, 802, 907, 6334, 3614, 7919, 4319, 9825, 3467, 1360,
674, 5720, 3231, 9916, 9300, 3683, 8579, 3258, 8979, 6220,
5259, 4432, 8441, 4049, 8881, 5226, 7543, 8829, 9422, 7764,
4312, 9930, 9853, 3914, 4579, 4788, 5945, 4203, 2411, 6925,
8655, 2769, 7033, 4286, 8091, 6949, 439, 569, 8071, 7708,
880, 979, 4960, 2788, 8524, 3611, 4412, 5030, 5825, 2924,
8117, 9675, 7109, 9958, 3921, 7352, 5303, 7918, 3284, 7661,
4087, 2726, 6177, 4232, 4776, 7026, 7399, 2522, 9039, 678,
5149, 6123, 2677, 6143, 3279, 9708, 27, 7904, 2518, 106,
4412, 3533, 5065, 1267, 9345, 2622, 2498, 254, 7879, 2402,
7361, 8902, 2530, 2658, 6139, 6572, 5018, 5140, 2794, 7814,
5015, 6765, 8067, 273, 5233, 4094, 2729, 428, 5739, 2469,
7383, 1441, 4527, 6717, 8818, 697, 9453, 7327, 3468, 8861,
8267, 629, 1607, 1623, 248, 212, 8289, 7662, 8827, 8127,
5383, 6118, 8464, 3981, 6743, 2935, 3816, 8941, 4943, 1906,
1666, 9745, 8993, 4863, 7791, 2556, 3596, 4305, 9116, 2289,
7758, 3689, 7071, 584, 5456, 2201, 1284, 4793, 7331, 520,
4346, 3692, 8985, 4033, 8701, 9818, 2588, 3325, 2765, 4055,
4661, 3948, 7868, 6248, 5622, 6406, 6447, 8778, 5502, 7248,
3486, 499, 9115, 6544, 2019, 2326, 1851, 6078, 6431, 2408,
8975, 790, 5868, 6766, 1258, 9962, 7346, 9960, 9086, 8097,
7993, 2058, 9444, 4470, 6240, 3786, 3503, 7588, 8046, 7238,
9357, 245, 1155, 2580, 9387, 8491, 9855, 4880, 5667, 4753,
2017, 822, 4362, 2028, 4032, 329, 7998, 5430, 6923, 2059,
7217, 2559, 1944, 7839, 852, 9347, 6147, 328, 4788, 6272,
1686, 3569, 8669, 734, 8878, 9174, 2507, 2838, 9638, 3358,
9661, 6324, 8707, 6885, 6282, 9403, 9388, 5450, 6676, 7915,
7428, 3406, 2478, 2293, 4808, 5035, 7151, 7226, 2143, 7685,
5144, 2748, 1735, 8480, 2324, 6506, 2244, 2342, 7862, 2401,
8139, 8192, 5614, 7347, 1030, 4757, 3312, 6141, 7773, 9274,
8635, 8156, 828, 3163, 9408, 2632, 427, 7218, 8553, 3561,
5021, 5394, 6823, 4743, 9333, 3144, 5686, 5946, 5608, 4298,
6827, 5619, 6082, 1183, 1668, 9121, 5599, 4676, 6180, 818,
5574, 843, 608, 6974, 6008, 3922, 6916, 2862, 8762, 4183,
3257, 1974, 6765, 8715, 761, 3720, 8454, 6661, 1366, 5506,
8919, 1572, 2286, 5527, 1601, 4388, 7076, 2212, 3781, 6083,
4533, 9142, 2034, 9973, 3785, 8209, 5633, 2971, 8789, 1920,
9493, 3815, 5547, 648, 3487, 7008, 2620, 3369, 9339, 4039,
3770, 3137, 3496, 1090, 2265, 1563, 9154, 7180, 5891, 6661,
5690, 7796, 6932, 2800, 7132, 3236, 2513, 9382, 3540, 7605,
9596, 2885, 7909, 5496, 7591, 7064, 7626, 1351, 5686, 4340,
7425, 6461, 547, 5571, 3627, 7889, 4413, 622, 6813, 1856,
2253, 3356, 7501, 3885, 1382, 7340, 5683, 8692, 7497, 4713,
115, 2287, 5036, 3964, 8904, 3624, 1415, 4455, 5051, 8239,
8752, 2580, 2946, 1104, 3958, 3626, 1120, 7636, 4566, 8770,
4908, 7252, 3112, 7382, 6624, 1806, 4224, 4099, 7512, 7997,
5218, 2040, 620, 3248, 2735, 6273, 9033, 2797, 2924, 4763,
1953, 5093, 1674, 397, 3598, 4912, 9427, 4434, 7495, 1483,
9907, 1978, 7851, 5569, 3691, 1270, 2363, 4038, 2297, 1164,
4997, 3007, 3456, 1645, 2369, 3989, 8189, 6218, 3974, 3395,
9520, 2221, 4828, 9234, 6247, 6081, 9983, 2056, 5067, 5933,
4458, 9674, 7369, 1749, 8315, 4153, 7344, 9602, 1787, 1520,
7069, 1503, 991, 5405, 9565, 8927, 9854, 3485, 131, 7476,
7071, 5655, 6249, 1706, 31, 1826, 485, 5163, 5400, 5395,
7837, 1236, 7059, 5144, 4741, 9359, 3328, 7157, 4288, 2308,
7617, 4449, 3092, 1860, 7128, 1828, 5389, 11, 8861, 5003,
8068, 6947, 6430, 7783, 3830, 1460, 634, 7922, 4736, 1657,
8183, 3028, 998, 4477, 7100, 2271, 6339, 8819, 1318, 1307,
1410, 677, 922, 305, 1492, 2118, 7189, 5692, 9214, 9504,
3064, 3451, 7371, 3681, 5731, 7170, 3438, 459, 4585, 1005,
5351, 6318, 6892, 200, 1213, 2588, 172, 4491, 5017, 4235,
1206, 170, 135, 4664, 1264, 7016, 1422, 7024, 8091, 1648,
1309, 8629, 9184, 9824, 9473, 8176, 9993, 3618, 2059, 2102,
9592, 7775, 1601, 3540, 1277, 6437, 2574, 2454, 183, 174,
9127, 1, 5154, 7291, 4136, 8502, 2229, 5291, 4797, 7868,
6028, 5713, 344, 2906, 277, 6171, 4661, 8473, 2504, 1896,
6463, 5336, 3490, 6745, 9573, 7957, 2038, 5683, 9511, 731,
3766, 9505, 8230, 5578, 3929, 3579, 1512, 5019, 9628, 2813,
4957, 9377, 1593, 9912, 2687, 2231, 7643, 2687, 3380, 4882,
4586, 5189, 5123, 6614, 4130, 1890, 8384, 7826, 4072, 6612,
4557, 3710, 5853, 5858, 587, 3284, 3613, 8299, 802, 1823,
9387, 755, 6781, 9484, 7182, 5542, 7830, 4003, 7190, 7582,
1767, 8722, 6985, 9832, 700, 4101, 7057, 6879, 2060, 7220,
8238, 3370, 3536, 7697, 3079, 4822, 3083, 8058, 7826, 5447,
1256, 9585, 1269, 5257, 7805, 9994, 461, 5313, 7827, 2823,
5323, 7982, 3594, 7911, 8386, 6270, 7446, 3470, 6766, 7745,
3828, 8113, 4962, 2975, 7619, 5407, 197, 7874, 7412, 5790,
2128, 7244, 4623, 5701, 9358, 3288, 7949, 7762, 2133, 1628,
5536, 2973, 5628, 9530, 8363, 7469, 8533, 1692, 2968, 7607,
7692, 7444, 7526, 9536, 717, 473, 1157, 1044, 3105, 6554,
359, 1504, 5259, 2936, 4152, 3995, 7467, 8473, 4004, 3991,
7794, 1455, 1985, 1558, 4179, 3004, 7720, 5734, 9340, 4646,
7682, 2189, 1548, 5344, 1841, 4453, 5731, 5556, 7564, 3422,
9906, 6630, 9086, 3685, 5893, 1166, 1261, 6085, 8735, 3469,
9705, 7686, 8640, 5792, 2344, 6700, 648, 6883, 9769, 9503,
7443, 62, 68, 3525, 2876, 9006, 7246, 5258, 5522, 7403,
1731, 2171, 3255, 4813, 1124, 1737, 2658, 5998, 8062, 6765,
4615, 4604, 368, 6483, 1896, 1343, 2981, 657, 927, 3641,
7099, 7, 7023, 8521, 9659, 4813, 6933, 2727, 354, 5811,
1530, 4777, 681, 6409, 9396, 7806, 1702, 4160, 8883, 6873,
8252, 5439, 4354, 7071, 7928, 9217, 8026, 7814, 7097, 386,
1023, 8084, 4869, 3906, 1904, 5981, 7480, 7481, 2035, 8941,
514, 560, 3061, 6639, 7823, 7519, 1614, 9777, 3894, 892,
972, 8407, 7737, 4412, 9930, 6055, 8135, 8618, 1721, 615,
3151, 7005, 9199, 6610, 876, 7627, 9783, 7249, 6411, 7312,
8682, 3250, 3722, 3638, 1216, 3642, 8084, 3918, 8463, 3237,
8107, 8873, 7622, 3888, 756, 6947, 2757, 1828, 7311, 9337,
6593, 4322, 136, 9764, 949, 6389, 9125, 2664, 7941, 3640,
2748, 6162, 6606, 1171, 4128, 7658, 4084, 9381, 880, 659,
5620, 1587, 7269, 9225, 6366, 5378, 46, 9052, 9359, 4987,
2499, 2240, 8593, 809, 7488, 7329, 3212, 560, 871, 301,
5167, 3909, 5804, 7241, 7405, 9317, 8690, 9656, 6291, 90,
5674, 3976, 6320, 5218, 4237, 4458, 6847, 8887, 8571, 5983,
5163, 6304, 9204, 8931, 407, 2784, 9233, 1723, 4548, 5231,
4633, 5056, 6231, 2801, 2697, 1698, 369, 222, 8547, 854,
7379, 121, 2317, 5119, 3659, 9086, 5718, 296, 9812, 3929,
3333, 471, 2647, 9165, 1925, 3572, 601, 8883, 2945, 5456,
8220, 909, 2399, 9718, 3374, 9052, 8196, 7433, 5975, 7649,
7896, 722, 4966, 6935, 3295, 3409, 7028, 3352, 3616, 34,
7508, 6257, 6998, 8390, 6543, 7436, 7761, 5410, 9460, 6531,
230, 7635, 1567, 1863, 6916, 3845, 5725, 904, 925, 2101,
3987, 8950, 9206, 1523, 4532, 5196, 4008, 4920, 4353, 2090,
8127, 2546, 5458, 5295, 4737, 3191, 1178, 4252, 967, 3848,
4807, 1760, 3394, 7058, 5739, 5325, 9212, 7169, 8235, 9587,
694, 1656, 3411, 9486, 2599, 121, 763, 2097, 3689, 3227,
7141, 4359, 3314, 9993, 7164, 6231, 7966, 1999, 920, 5103,
4764, 33, 5279, 787, 9340, 3683, 3602, 5434, 6951, 7773,
1421, 670, 6120, 5766, 9168, 1145, 6724, 9394, 6660, 5276,
9658, 998, 5194, 9153, 1570, 4622, 9072, 8852, 9224, 8646,
3066, 9420, 2247, 9645, 2305, 4183, 8515, 288, 5509, 685,
6543, 3019, 7538, 2872, 3893, 7220, 4087, 7634, 6633, 3070,
5142, 83, 2746, 3341, 971, 7810, 3047, 8994, 7527, 4391,
8237, 5990, 8795, 4179, 5713, 5501, 5546, 3308, 1762, 3996,
6193, 3432, 6710, 7015, 8951, 2830, 7358, 3441, 6914, 6359,
1685, 1466, 4767, 6338, 2460, 454, 6590, 5737, 8998, 1564,
3583, 2033, 345, 7273, 3460, 68, 2970, 2593, 9413, 1516,
3268, 1050, 7960, 5061, 9805, 4811, 6879, 5585, 1898, 1225,
763, 6528, 6464, 9436, 6321, 2898, 7256, 4257, 660, 6311,
1741, 8464, 5766, 4773, 6655, 7657, 1356, 3718, 7090, 8884,
7884, 1782, 4952, 3616, 2942, 75, 7489, 4082, 6140, 8123,
9245, 9435, 9299, 1150, 5005, 7761, 1291, 9092, 9939, 3387,
4076, 2221, 3521, 7357, 5212, 5523, 3228, 3423, 1635, 7,
6611, 7813, 7832, 858, 4097, 817, 5462, 4292, 2898, 4129,
1184, 5601, 6212, 3408, 458, 3519, 7203, 4125, 2183, 3758,
4440, 4208, 4261, 4603, 9584, 1433, 8587, 714, 3500, 4375,
7482, 3166, 9244, 6875, 7018, 6820, 6458, 6648, 7946, 4272,
4592, 7686, 7242, 5301, 1621, 1931, 6881, 9553, 1692, 4261,
7320, 9246, 2777, 1751, 7235, 1987, 7303, 7184, 2288, 3002,
9099, 4167, 5803, 3576, 9750, 9887, 8702, 492, 3475, 2955,
6015, 3055, 1599, 7878, 7523, 1051, 2692, 3524, 4765, 4907,
1285, 4595, 8014, 2242, 1467, 8894, 5429, 3198, 9153, 5963,
9361, 2624, 5771, 4231, 4554, 3293, 9983, 1276, 6637, 4120,
3997, 7035, 9048, 4539, 7392, 3390, 7795, 356, 6180, 8792,
8187, 2504, 8833, 8017, 5109, 1414, 9376, 9426, 4299, 693,
1294, 8163, 492, 168, 9046, 5949, 1027, 9047, 4943, 5288,
9653, 3237, 8314, 2764, 4669, 5542, 5010, 4276, 6419, 4226,
8169, 7784, 3685, 8052, 4365, 8252, 7601, 8414, 5971, 7093,
4198, 4625, 3844, 7116, 1401, 9312, 6541, 647, 2998, 2727,
3681, 6599, 8708, 8027, 162, 77, 3225, 2471, 1994, 2849,
561, 1305, 5860, 83, 9378, 633, 1956, 9211, 8448, 3337,
9182, 7507, 7364, 1389, 3003, 8852, 9701, 9183, 1171, 3881,
2648, 8371, 1229, 1628, 6382, 4200, 563, 1996, 3333, 1189,
1465, 6988, 286, 3272, 7587, 808, 4232, 253, 7412, 5759,
4737, 8245, 8298, 5626, 6347, 7353, 6272, 5561, 7143, 4772,
131, 7007, 5233, 6080, 3315, 9266, 3050, 7040, 8351, 4946,
1051, 8896, 93, 3792, 4180, 7193, 1516, 4101, 9761, 6351,
6911, 2259, 7728, 2665, 6869, 5769, 1185, 9476, 2435, 5778,
4808, 4376, 8436, 4261, 9695, 412, 7352, 3106, 6106, 5963,
3091, 4154, 6952, 6794, 5380, 5301, 3398, 4396, 2575, 8367,
8691, 3991, 282, 3575, 2908, 6658, 106, 4260, 5346, 2179,
928, 6579, 7265, 4668, 9340, 6345, 4344, 9608, 6218, 5265,
9220, 2644, 9032, 8102, 6678, 731, 470, 3025, 7886, 8506,
5054, 5937, 6897, 7640, 1491, 9262, 9067, 1696, 6498, 9973,
1613, 7486, 4942, 8004, 9533, 1619, 6833, 3227, 4871, 5244,
1211, 5066, 6756, 7663, 5201, 1925, 5702, 1659, 3304, 9224,
8684, 4797, 9922, 7664, 208, 9949, 6195, 6165, 5441, 8024,
4377, 4762, 1758, 4057, 9358, 117, 7282, 5381, 7929, 2493,
5740, 4280, 2134, 5341, 3615, 301, 7615, 7105, 8269, 2117,
3699, 8710, 115, 7365, 462, 4574, 4698, 1123, 5498, 566,
9082, 4956, 9440, 1345, 274, 3062, 3559, 1200, 601, 9535,
9109, 4722, 4300, 3720, 3561, 6184, 6577, 5899, 2399, 1307,
9101, 378, 2873, 2031, 5991, 7652, 1612, 8965, 6865, 3892,
2199, 7583, 7343, 5767, 70, 5652, 3321, 895, 842, 7221,
5921, 7631, 549, 7808, 3431, 3468, 2838, 381, 1290, 3313,
5489, 1596, 9644, 7049, 5144, 3754, 8144, 5780, 5400, 4737,
7825, 9790, 2320, 8933, 3567, 3915, 6412, 5622, 2886, 1438,
8614, 6576, 555, 345, 1117, 8987, 3418, 7777, 8230, 988,
8694, 3267, 254, 5487, 5245, 9190, 9408, 8069, 3519, 6369,
4884, 2723, 773, 7205, 7880, 8198, 1199, 9955, 2388, 2657,
8063, 4981, 2681, 3159, 895, 4250, 8381, 1885, 9949, 8317,
4264, 818, 8172, 9840, 2377, 1504, 3290, 2011, 7960, 3937,
5130, 3683, 9250, 5962, 2505, 4237, 4201, 5318, 8363, 4808,
788, 9949, 5753, 503, 2220, 8101, 6619, 6701, 2010, 679,
5823, 7897, 2440, 7095, 2594, 8912, 5154, 136, 6703, 5049,
7224, 6507, 471, 8662, 5147, 7382, 6167, 7808, 5132, 8477,
5168, 3862, 3604, 4827, 9626, 4174, 2867, 7237, 356, 6444,
2866, 529, 1181, 3625, 9749, 107, 7173, 2482, 5956, 8628,
3612, 8085, 9541, 454, 9949, 5304, 6668, 1287, 9361, 5274,
7386, 5520, 8572, 473, 4171, 1857, 2681, 5453, 886, 9556,
5445, 4530, 5039, 8864, 3364, 9283, 7157, 6976, 9920, 2188,
1107, 3594, 6566, 3237, 1235, 887, 7409, 4038, 8297, 9153,
1653, 5583, 3176, 7928, 5625, 1224, 3442, 1552, 1791, 7851,
8981, 5669, 8206, 872, 187, 8693, 8071, 1717, 106, 8214,
9093, 4979, 260, 3983, 4002, 9338, 5189, 6129, 369, 223,
4708, 6264, 7864, 4490, 1257, 77, 7256, 5772, 7896, 2472,
3344, 435, 3605, 9316, 3008, 1601, 5198, 9683, 7216, 4682,
5606, 8515, 6227, 90, 887, 2490, 950, 8707, 979, 3935,
5627, 3429, 5768, 5622, 4351, 1867, 4811, 3667, 6959, 2104,
8993, 8195, 3693, 9043, 6262, 7912, 5978, 3772, 1714, 634,
3331, 6682, 3265, 4253, 6038, 4844, 3584, 3010, 6539, 4967,
6716, 8881, 9529, 9218, 3058, 9917, 2072, 3049, 5789, 3324,
5579, 179, 5024, 3097, 814, 8973, 6062, 2199, 1738, 9927,
6878, 8208, 5538, 4181, 4702, 7586, 6931, 8693, 8797, 2180,
473, 8511, 3419, 7812, 9865, 6495, 6516, 5877, 1890, 7135,
3197, 7768, 2197, 1945, 5029, 9448, 6935, 8138, 9949, 5676,
461, 7647, 9512, 1280, 3350, 9146, 684, 7133, 2585, 3144,
325, 5931, 250, 1781, 2360, 7040, 2921, 1419, 8971, 7319,
8915, 6741, 7219, 8380, 7500, 6043, 9612, 8584, 5481, 676,
2283, 6145, 4786, 2884, 6594, 983, 954, 9842, 8140, 6051,
4596, 2732, 1891, 350, 3361, 1712, 176, 1739, 8356, 3681,
5001, 9205, 3651, 9003, 5536, 6200, 1022, 3652, 9044, 9316,
9496, 7204, 6591, 4830, 3690, 7903, 1848, 7569, 2673, 6033,
4737, 7141, 2905, 8155, 8034, 3401, 2266, 5390, 9919, 4726,
1896, 6959, 6700, 8741, 6669, 3993, 6376, 9863, 8198, 4770,
4401, 5331, 3029, 612, 2627, 2526, 4873, 3748, 6210, 2037,
6295, 1417, 3485, 9240, 2636, 7851, 1632, 6087, 109, 5462,
5279, 6638, 2316, 9804, 285, 6439, 631, 561, 4402, 1308,
3633, 9730, 373, 3655, 3874, 811, 6334, 923, 7458, 5379,
8210, 3633, 5099, 3147, 5549, 2698, 7944, 5437, 4838, 8377,
5692, 4755, 821, 9228, 8368, 1126, 218, 1071, 347, 4161,
4606, 101, 8346, 2308, 950, 2979, 4320, 4143, 7193, 2186,
6486, 8867, 2181, 3274, 9818, 2330, 5044, 3287, 6639, 6170,
5078, 9653, 2531, 1467, 778, 1437, 9866, 2929, 3902, 7721,
5283, 549, 7887, 4015, 1052, 3977, 1611, 2963, 7358, 3372,
5673, 1073, 1068, 4646, 8930, 7152, 547, 3483, 6661, 3130,
4931, 1284, 6776, 7636, 3280, 7793, 9481, 6760, 5793, 3872,
7348, 3653, 665, 3235, 8737, 7782, 7060, 2372, 2847, 5017,
4281, 5598, 4969, 6485, 1312, 5994, 2982, 7260, 1061, 5308,
2093, 172, 4321, 9803, 1235, 9071, 994, 6663, 6830, 3036,
9759, 4320, 2010, 7255, 447, 8419, 8208, 3198, 9353, 5627,
526, 8116, 2157, 5135, 9051, 2157, 8344, 8014, 140, 3267,
7218, 3123, 9646, 5478, 9682, 8085, 2664, 6127, 5781, 8935,
2808, 5107, 1754, 2109, 3281, 8146, 2208, 4708, 9876, 2165,
4514, 4072, 1561, 745, 1237, 2252, 3083, 8929, 8396, 5969,
418, 2094, 2745, 2609, 2468, 8591, 9264, 7476, 7591, 3414,
8258, 2145, 3222, 3220, 6676, 4908, 1501, 9473, 362, 3927,
9893, 3886, 1654, 7140, 7482, 7018, 3413, 4759, 453, 4344,
5688, 587, 3263, 1083, 3878, 9299, 9759, 5272, 1553, 6459,
3871, 8562, 2499, 9637, 8368, 2451, 3734, 9237, 8442, 9027,
5132, 9582, 1336, 3240, 9572, 8601, 8334, 947, 4583, 7105,
5460, 8868, 9690, 3756, 9444, 1712, 595, 1879, 6406, 5806,
5333, 5781, 7923, 4700, 3948, 8269, 3077, 9057, 9875, 8113,
4642, 2477, 7524, 8462, 240, 6431, 4315, 7261, 7537, 3461,
8963, 9366, 9572, 6216, 7970, 7086, 132, 7289, 2714, 9567,
1575, 1181, 8563, 5234, 5669, 5572, 389, 1721, 6432, 8670,
7589, 809, 7584, 2819, 5226, 161, 9665, 8, 636, 8994,
3812, 3077, 282, 5851, 2961, 6788, 6738, 31, 536, 6103,
867, 8453, 4774, 414, 8101, 6776, 9998, 2629, 9829, 4193,
5353, 8534, 5166, 453, 3284, 7229, 3390, 2698, 489, 2613,
7429, 2355, 1813, 9674, 2364, 1878, 6048, 7657, 3392, 5338,
7291, 2332, 2578, 1191, 1588, 5939, 2425, 1054, 541, 9656,
724, 5603, 6720, 5246, 3830, 155, 2281, 8230, 1070, 1432,
9415, 939, 3053, 4498, 1670, 6198, 4646, 2184, 9931, 7054,
7007, 720, 2529, 6760, 7979, 3380, 5408, 1875, 3053, 1896,
1215, 5937, 245, 3101, 3752, 785, 9053, 2427, 325, 1590,
9470, 440, 8273, 5624, 2659, 2380, 7447, 9920, 3189, 5826,
2932, 7713, 4426, 1364, 146, 8474, 5551, 5403, 9241, 9918,
6320, 6332, 1355, 5788, 2985, 2010, 3395, 7341, 1300, 8782,
7302, 6726, 6106, 2681, 4446, 5022, 8037, 3610, 8101, 7020,
3999, 3085, 8998, 6206, 4644, 2373, 5142, 680, 502, 4692,
1421, 9464, 3972, 3106, 8828, 3195, 1240, 990, 4136, 3111,
5266, 8899, 1576, 6310, 7585, 498, 4455, 2003, 8341, 5522,
3073, 2092, 7348, 8764, 8713, 7375, 203, 7705, 5995, 1240,
3258, 1867, 4168, 4542, 5523, 9295, 2743, 673, 7043, 4730,
7753, 3370, 747, 3663, 4703, 1258, 316, 1866, 8255, 7325,
3005, 8643, 6241, 3877, 8859, 1416, 6267, 7197, 8146, 1955,
7210, 7133, 100, 1463, 6497, 8338, 1349, 5782, 2551, 3720,
4303, 4781, 9251, 7954, 8379, 2368, 8242, 3421, 5732, 3303,
8061, 4008, 2748, 7044, 6756, 8056, 4668, 3266, 4151, 8809,
414, 5945, 4236, 6542, 5348, 336, 1417, 8510, 7892, 5060,
3713, 5810, 7154, 3204, 8662, 9664, 2589, 3717, 6778, 5609,
60, 8901, 3322, 9060, 3649, 5946, 9412, 1090, 8523, 3449,
6438, 4109, 4638, 2926, 4640, 4699, 6581, 8588, 481, 9337,
6241, 4640, 5163, 6485, 1130, 4225, 6834, 8464, 2856, 4952,
4059, 3146, 5383, 8855, 873, 7426, 6922, 2031, 288, 2683,
8021, 4425, 302, 3470, 5294, 1445, 7237, 1057, 7834, 8520,
8606, 4810, 1972, 9079, 2839, 3340, 7663, 6374, 6836, 9940,
2934, 1961, 3081, 5942, 3043, 9315, 1405, 5760, 990, 6190,
7548, 6845, 7812, 4240, 6128, 3166, 8034, 1430, 3317, 4415,
2807, 5267, 3743, 8949, 4658, 3066, 6486, 1139, 2395, 5161,
1863, 4914, 1100, 7975, 6242, 1742, 7877, 8906, 3635, 287,
1190, 5376, 4809, 3175, 1459, 5573, 5241, 7503, 7873, 6553,
4302, 5569, 1458, 5859, 7798, 4811, 5591, 6215, 9409, 6851,
5356, 2213, 1173, 560, 1962, 9454, 3929, 2418, 699, 9030,
8101, 9993, 9341, 9122, 1291, 8475, 3793, 7172, 4070, 7894,
5354, 8629, 7322, 7153, 9138, 4676, 7790, 7757, 8558, 1126,
8087, 4921, 1065, 9277, 1840, 8712, 3587, 345, 5994, 4417,
2545, 2622, 7199, 7051, 9606, 6084, 1999, 2592, 3848, 6135,
8965, 3254, 5704, 4212, 3546, 449, 8897, 9329, 5366, 6578,
8956, 5448, 4998, 173, 2263, 7069, 7319, 2557, 6988, 4138,
9610, 6180, 7852, 5276, 3398, 6179, 961, 6657, 8522, 9826,
3094, 3931, 3634, 4756, 7074, 1177, 6536, 6695, 9185, 3219,
3676, 500, 1078, 8518, 8049, 6008, 4100, 9150, 264, 8360,
8222, 2770, 7808, 1782, 6161, 9065, 7321, 1764, 5629, 1244,
9147, 525, 1446, 8060, 6983, 1267, 4374, 7552, 7077, 6004,
9656, 617, 6563, 6653, 1595, 6448, 7678, 5640, 458, 8750,
2949, 8207, 8691, 1437, 6543, 2795, 8183, 2001, 5203, 6254,
3406, 1277, 3662, 148, 7694, 782, 5276, 8064, 1945, 123,
2467, 307, 1177, 3200, 87, 7936, 1587, 5983, 9775, 6435,
5813, 7840, 7022, 1538, 228, 476, 133, 9320, 2176, 4273,
367, 4260, 3591, 1615, 1665, 1308, 7577, 1249, 2989, 7270,
141, 5498, 8340, 8436, 8877, 9941, 7145, 770, 8319, 5587,
3584, 2488, 5902, 9540, 2715, 6552, 3297, 3571, 9673, 1056,
4394, 3669, 211, 3125, 8583, 4580, 73, 9944, 5150, 863,
5386, 7407, 7679, 1202, 878, 933, 4271, 293, 6409, 3383,
1309, 1355, 6409, 4174, 5442, 3152, 1882, 8623, 506, 5157,
2493, 5980, 8600, 2902, 7642, 8449, 9819, 2669, 3334, 5178,
3619, 6355, 4928, 8638, 276, 7304, 3106, 7076, 3775, 6645,
5641, 2017, 6923, 3395, 7071, 673, 2911, 6225, 7189, 2053,
1752, 2244, 3183, 1301, 6706, 4457, 5100, 3069, 6257, 9054,
7112, 5837, 8109, 909, 585, 2169, 8947, 8581, 822, 2155,
6056, 3323, 6346, 6023, 7635, 2382, 5013, 2997, 9251, 7831,
7619, 1901, 4568, 8409, 7293, 1388, 906, 7437, 7737, 2054,
355, 1155, 8160, 3320, 2305, 5446, 8725, 1545, 7489, 5171,
5871, 3536, 243, 4479, 953, 7458, 5391, 3780, 5239, 2654,
3287, 4827, 8483, 7585, 962, 6068, 480, 9265, 9210, 5111,